# Bending Beam 2                                                                  
# 
#   Op.Point     Eigenvalue
       1    -20.087395         0.0000000    
       1    -103.95678         0.0000000    
       1    -11.567665         175.63777    
       1    -8.1442757         256.89819    
       1    -297.91901         0.0000000    
       1    -524.73309         0.0000000    
       1    -706.15619         0.0000000    
       1    -15.492012         724.40072    
       2    -19.456724         0.0000000    
       2    -107.36346         0.0000000    
       2    -10.754217         174.36851    
       2    -8.2378233         256.88677    
       2    -298.55481         0.0000000    
       2    -526.97845         0.0000000    
       2    -709.20050         0.0000000    
       2    -15.564742         724.40476    
       3    -18.852022         0.0000000    
       3    -110.80148         0.0000000    
       3    -9.9209864         173.11319    
       3    -8.3307143         256.87593    
       3    -299.17426         0.0000000    
       3    -529.22382         0.0000000    
       3    -712.24500         0.0000000    
       3    -15.637649         724.40888    
       4    -18.270687         0.0000000    
       4    -114.27197         0.0000000    
       4    -9.0690306         171.87286    
       4    -8.4229653         256.86563    
       4    -299.77664         0.0000000    
       4    -531.46918         0.0000000    
       4    -715.28973         0.0000000    
       4    -15.710734         724.41308    
       5    -17.710516         0.0000000    
       5    -117.77544         0.0000000    
       5    -8.1995052         170.64851    
       5    -8.5145914         256.85584    
       5    -300.36136         0.0000000    
       5    -533.71454         0.0000000    
       5    -718.33459         0.0000000    
       5    -15.783998         724.41736    
       6    -17.169582         0.0000000    
       6    -121.31216         0.0000000    
       6    -7.3136299         169.44095    
       6    -8.6056115         256.84654    
       6    -300.92752         0.0000000    
       6    -535.95984         0.0000000    
       6    -721.37964         0.0000000    
       6    -15.857443         724.42172    
       7    -16.646221         0.0000000    
       7    -124.88196         0.0000000    
       7    -6.4126844         168.25093    
       7    -8.6960402         256.83769    
       7    -301.47446         0.0000000    
       7    -538.20520         0.0000000    
       7    -724.42487         0.0000000    
       7    -15.931074         724.42615    
       8    -16.138973         0.0000000    
       8    -128.48453         0.0000000    
       8    -5.4979954         167.07902    
       8    -8.7858938         256.82927    
       8    -302.00122         0.0000000    
       8    -540.45056         0.0000000    
       8    -16.004890         724.43068    
       8    -727.47034         0.0000000    
       9    -15.646550         0.0000000    
       9    -132.11937         0.0000000    
       9    -4.5709112         165.92569    
       9    -8.8751888         256.82126    
       9    -302.50684         0.0000000    
       9    -542.69592         0.0000000    
       9    -16.078893         724.43528    
       9    -730.51593         0.0000000    
      10    -15.167799         0.0000000    
      10    -135.78601         0.0000000    
      10    -3.6327734         164.79125    
      10    -8.9639427         256.81364    
      10    -302.99026         0.0000000    
      10    -544.94128         0.0000000    
      10    -16.153086         724.43996    
      10    -733.56177         0.0000000    
      11    -14.701719         0.0000000    
      11    -139.48370         0.0000000    
      11    -2.6849605         163.67594    
      11    -9.0521679         256.80638    
      11    -303.45044         0.0000000    
      11    -547.18658         0.0000000    
      11    -16.227472         724.44472    
      11    -736.60773         0.0000000    
      12    -14.247392         0.0000000    
      12    -143.21193         0.0000000    
      12    -1.7287934         162.57985    
      12    -9.1398808         256.79947    
      12    -303.88617         0.0000000    
      12    -549.43195         0.0000000    
      12    -16.302050         724.44957    
      12    -739.65393         0.0000000    
      13    -13.803988         0.0000000    
      13    -146.97029         0.0000000    
      13   -0.76556131         161.50293    
      13    -9.2270983         256.79289    
      13    -304.29599         0.0000000    
      13    -551.67731         0.0000000    
      13    -16.376827         724.45450    
      13    -742.70032         0.0000000    
      14    -13.370773         0.0000000    
      14    -150.75844         0.0000000    
      14    0.20346295         160.44507    
      14    -9.3138330         256.78661    
      14    -304.67847         0.0000000    
      14    -553.92261         0.0000000    
      14    -16.451801         724.45951    
      14    -745.74683         0.0000000    
      15    -12.947071         0.0000000    
      15    -154.57622         0.0000000    
      15     1.1770862         159.40603    
      15    -9.4001008         256.78063    
      15    -305.03204         0.0000000    
      15    -556.16797         0.0000000    
      15    -16.526975         724.46460    
      15    -748.79358         0.0000000    
      16    -12.532266         0.0000000    
      16     2.1541708         158.38550    
      16    -158.42377         0.0000000    
      16    -9.4859162         256.77492    
      16    -305.35483         0.0000000    
      16    -558.41327         0.0000000    
      16    -16.602354         724.46977    
      16    -751.84052         0.0000000    
      17    -12.125802         0.0000000    
      17     3.1336160         157.38311    
      17    -162.30148         0.0000000    
      17    -9.5712919         256.76948    
      17    -305.64478         0.0000000    
      17    -560.65857         0.0000000    
      17    -16.677936         724.47503    
      17    -754.88757         0.0000000    
      18    -11.727165         0.0000000    
      18     4.1144220         156.39840    
      18    -166.20999         0.0000000    
      18    -9.6562416         256.76428    
      18    -305.89981         0.0000000    
      18    -562.90399         0.0000000    
      18    -16.753725         724.48037    
      18    -757.93494         0.0000000    
      19    -11.335874         0.0000000    
      19     5.0956647         155.43085    
      19    -170.15057         0.0000000    
      19    -9.7407811         256.75931    
      19    -306.11716         0.0000000    
      19    -565.14929         0.0000000    
      19    -16.829725         724.48579    
      19    -760.98236         0.0000000    
      20    -10.951509         0.0000000    
      20     6.0764423         154.47996    
      20    -174.12450         0.0000000    
      20    -9.8249204         256.75457    
      20    -306.29419         0.0000000    
      20    -567.39459         0.0000000    
      20    -16.905935         724.49130    
      21    -10.573662         0.0000000    
      21     7.0559714         153.54511    
      21    -178.13391         0.0000000    
      21    -9.9086731         256.75004    
      21    -306.42761         0.0000000    
      21    -569.63989         0.0000000    
      21    -16.982359         724.49689    
      22    -10.201958         0.0000000    
      22     8.0335293         152.62570    
      22    -182.18141         0.0000000    
      22    -9.9920533         256.74570    
      22    -306.51364         0.0000000    
      22    -571.88519         0.0000000    
      22    -17.059001         724.50257    
      23    -9.8360538         0.0000000    
      23     9.0084551         151.72111    
      23    -186.27016         0.0000000    
      23    -10.075071         256.74155    
      23    -306.54825         0.0000000    
      23    -574.13062         0.0000000    
      23    -17.135861         724.50832    
      24    -9.4756260         0.0000000    
      24     9.9801413         150.83069    
      24    -190.40434         0.0000000    
      24    -10.157738         256.73758    
      24    -306.52618         0.0000000    
      24    -576.37585         0.0000000    
      24    -17.212941         724.51417    
      25    -9.1203728         0.0000000    
      25     10.948072         149.95379    
      25    -194.58897         0.0000000    
      25    -10.240068         256.73378    
      25    -306.44177         0.0000000    
      25    -578.62115         0.0000000    
      25    -17.290246         724.52010    
      26    -8.7700148         0.0000000    
      26     11.911761         149.08976    
      26    -198.83015         0.0000000    
      26    -10.322069         256.73013    
      26    -306.28821         0.0000000    
      26    -580.86652         0.0000000    
      26    -17.367777         724.52611    
      27    -8.4242849         0.0000000    
      27     12.870797         148.23794    
      27    -203.13576         0.0000000    
      27    -10.403756         256.72664    
      27    -306.05695         0.0000000    
      27    -583.11182         0.0000000    
      27    -17.445534         724.53221    
      28    -8.0829391         0.0000000    
      28     13.824806         147.39772    
      28    -207.51524         0.0000000    
      28    -10.485137         256.72329    
      28    -305.73810         0.0000000    
      28    -585.35712         0.0000000    
      28    -17.523524         724.53839    
      29    -7.7457438         0.0000000    
      29     14.773463         146.56843    
      29    -211.98065         0.0000000    
      29    -10.566222         256.72007    
      29    -305.31918         0.0000000    
      29    -587.60242         0.0000000    
      29    -17.601747         724.54466    
      30    -7.4124770         0.0000000    
      30     15.716503         145.74947    
      30    -216.54758         0.0000000    
      30    -10.647022         256.71698    
      30    -304.78424         0.0000000    
      30    -589.84772         0.0000000    
      30    -17.680205         724.55102    
      31    -7.0829282         0.0000000    
      31     16.653685         144.94022    
      31    -221.23631         0.0000000    
      31    -10.727549         256.71401    
      31    -304.11267         0.0000000    
      31    -592.09296         0.0000000    
      31    -17.758901         724.55747    
      32    -6.7569103         0.0000000    
      32     17.584798         144.14011    
      32    -226.07355         0.0000000    
      32    -10.807809         256.71115    
      32    -303.27765         0.0000000    
      32    -594.33832         0.0000000    
      32    -17.837839         724.56400    
      33    -6.4342332         0.0000000    
      33     18.509662         143.34855    
      33    -231.09735         0.0000000    
      33    -10.887812         256.70840    
      33    -302.24078         0.0000000    
      33    -596.58362         0.0000000    
      33    -17.917019         724.57061    
      34    -6.1147175         0.0000000    
      34     19.428165         142.56499    
      34    -236.36275         0.0000000    
      34    -10.967569         256.70575    
      34    -300.94702         0.0000000    
      34    -598.82892         0.0000000    
      34    -17.996448         724.57732    
